X = [-0.5,-0.2,-0.1,0.3,0.4,0.5,0.7]

X =

   -0.5000   -0.2000   -0.1000    0.3000    0.4000    0.5000    0.7000

D = [-1,1,2,3.2,3.5,6]

D =

   -1.0000    1.0000    2.0000    3.2000    3.5000    6.0000

w = inv(X * X')X'D
 w = inv(X * X')X'D
                |
{Error: Unexpected MATLAB expression.
} 
w = inv(X * X') * X' * D

w =

    0.3876   -0.3876   -0.7752   -1.2403   -1.3566   -2.3256
    0.1550   -0.1550   -0.3101   -0.4961   -0.5426   -0.9302
    0.0775   -0.0775   -0.1550   -0.2481   -0.2713   -0.4651
   -0.2326    0.2326    0.4651    0.7442    0.8140    1.3953
   -0.3101    0.3101    0.6202    0.9922    1.0853    1.8605
   -0.3876    0.3876    0.7752    1.2403    1.3566    2.3256
   -0.5426    0.5426    1.0853    1.7364    1.8992    3.2558

w = dot(dot(inv(dot(X,X')), X'), D)
{Error using <a href="matlab:helpUtils.errorDocCallback('dot', 'C:\Program Files\MATLAB\R2014a\toolbox\matlab\specfun\dot.m', 33)" style="font-weight:bold">dot</a> (<a href="matlab: opentoline('C:\Program Files\MATLAB\R2014a\toolbox\matlab\specfun\dot.m',33,0)">line 33</a>)
A and B must be same size.
} 
dot(X,X')

ans =

    1.2900

Xmean = mean(X)

Xmean =

    0.1571

XminXmean = X - Xmean

XminXmean =

   -0.6571   -0.3571   -0.2571    0.1429    0.2429    0.3429    0.5429

Dmean = mean(D)

Dmean =

    2.4500

DminDmean = D - Dmean

DminDmean =

   -3.4500   -1.4500   -0.4500    0.7500    1.0500    3.5500

Wmat = (XminXmean .* DminDmean) ./ (XminXmean^2)
{Error using <a href="matlab:helpUtils.errorDocCallback('mpower')" style="font-weight:bold"> ^ </a>
Inputs must be a scalar and a square matrix.
To compute elementwise POWER, use POWER (.^) instead.
} 
Wmat = (XminXmean .* DminDmean) ./ (XminXmean .^2)
{Error using <a href="matlab:helpUtils.errorDocCallback('times')" style="font-weight:bold"> .* </a>
Matrix dimensions must agree.
} 
D = [-1,1,2,3.2,3.5,5,6]

D =

   -1.0000    1.0000    2.0000    3.2000    3.5000    5.0000    6.0000

XminXmean = X - Xmean

XminXmean =

   -0.6571   -0.3571   -0.2571    0.1429    0.2429    0.3429    0.5429

DminDmean = D - Dmean

DminDmean =

   -3.4500   -1.4500   -0.4500    0.7500    1.0500    2.5500    3.5500

Dmean = mean(D)

Dmean =

    2.8143

DminDmean = D - Dmean

DminDmean =

   -3.8143   -1.8143   -0.8143    0.3857    0.6857    2.1857    3.1857

Wmat = (XminXmean .* DminDmean) ./ (XminXmean .^2)

Wmat =

    5.8043    5.0800    3.1667    2.7000    2.8235    6.3750    5.8684

W = sum(Wmat)

W =

   31.8180

X = [-0.5,-0.2,-0.1,0.3,0.4,0.5,0.7]

X =

   -0.5000   -0.2000   -0.1000    0.3000    0.4000    0.5000    0.7000

D = [-1,1,2,3.2,3.5,5,6]

D =

   -1.0000    1.0000    2.0000    3.2000    3.5000    5.0000    6.0000

Xsq = X'.*X
{Error using <a href="matlab:helpUtils.errorDocCallback('times')" style="font-weight:bold"> .* </a>
Matrix dimensions must agree.
} 
Xsq = X'*X

Xsq =

    0.2500    0.1000    0.0500   -0.1500   -0.2000   -0.2500   -0.3500
    0.1000    0.0400    0.0200   -0.0600   -0.0800   -0.1000   -0.1400
    0.0500    0.0200    0.0100   -0.0300   -0.0400   -0.0500   -0.0700
   -0.1500   -0.0600   -0.0300    0.0900    0.1200    0.1500    0.2100
   -0.2000   -0.0800   -0.0400    0.1200    0.1600    0.2000    0.2800
   -0.2500   -0.1000   -0.0500    0.1500    0.2000    0.2500    0.3500
   -0.3500   -0.1400   -0.0700    0.2100    0.2800    0.3500    0.4900

X_sq_inv = inv(Xsq)
[Warning: Matrix is singular to working precision.] 

X_sq_inv =

   Inf   Inf   Inf   Inf   Inf   Inf   Inf
   Inf   Inf   Inf   Inf   Inf   Inf   Inf
   Inf   Inf   Inf   Inf   Inf   Inf   Inf
   Inf   Inf   Inf   Inf   Inf   Inf   Inf
   Inf   Inf   Inf   Inf   Inf   Inf   Inf
   Inf   Inf   Inf   Inf   Inf   Inf   Inf
   Inf   Inf   Inf   Inf   Inf   Inf   Inf

X_mean = mean(X)

X_mean =

    0.1571

D_mean = mean(D)

D_mean =

    2.8143

X

X =

   -0.5000   -0.2000   -0.1000    0.3000    0.4000    0.5000    0.7000

Xmean
{Undefined function or variable 'Xmean'.
} 
X_mean

X_mean =

    0.1571

X_min_mean = X - X_mean

X_min_mean =

   -0.6571   -0.3571   -0.2571    0.1429    0.2429    0.3429    0.5429

D

D =

   -1.0000    1.0000    2.0000    3.2000    3.5000    5.0000    6.0000

D_mean = mean(D)

D_mean =

    2.8143

D_min_mean = D - D_mean

D_min_mean =

   -3.8143   -1.8143   -0.8143    0.3857    0.6857    2.1857    3.1857

X_min_mean

X_min_mean =

   -0.6571   -0.3571   -0.2571    0.1429    0.2429    0.3429    0.5429

X_min_mean_sq = X_min_mean .^ 2

X_min_mean_sq =

    0.4318    0.1276    0.0661    0.0204    0.0590    0.1176    0.2947

-0.6571 * -0.6571

ans =

    0.4318

X_min_mean_D_min_mean = X_min_mean .* D_min_mean

X_min_mean_D_min_mean =

    2.5065    0.6480    0.2094    0.0551    0.1665    0.7494    1.7294

X_min_mean

X_min_mean =

   -0.6571   -0.3571   -0.2571    0.1429    0.2429    0.3429    0.5429

D_min_mean

D_min_mean =

   -3.8143   -1.8143   -0.8143    0.3857    0.6857    2.1857    3.1857

-0.6571 * -3.8143

ans =

    2.5064

-0.6480*-1.8143

ans =

    1.1757

-0.3571*-1.8143

ans =

    0.6479

Wmat = X_min_mean_D_min_mean ./ X_min_mean_sq

Wmat =

    5.8043    5.0800    3.1667    2.7000    2.8235    6.3750    5.8684

w = sum(Wmat)

w =

   31.8180

Xsum = sum(X_min_mean_D_min_mean)

Xsum =

    6.0643

XDsum = sum(X_min_mean_D_min_mean)

XDsum =

    6.0643

Xsqsum = sum(X_min_mean_sq)

Xsqsum =

    1.1171

w = XDsum/Xsqsum

w =

    5.4284

Dmean = mean(D)

Dmean =

    2.8143

Xmean = mean(X)

Xmean =

    0.1571

E = D - (X .* (2))

E =

         0    1.4000    2.2000    2.6000    2.7000    4.0000    4.6000

EX = E .* X

EX =

         0   -0.2800   -0.2200    0.7800    1.0800    2.0000    3.2200

w_2 = 2 + -(sum(EX))

w_2 =

   -4.5800

w = 2

w =

     2

w = -(sum((D .- (w*X)).*X))
 w = -(sum((D .- (w*X)).*X))
               |
{Error: Unexpected MATLAB operator.
} 
w = -(sum((D - (w*X)).*X))

w =

   -6.5800

w = 2

w =

     2

Emat = (D - w*X) .* X

Emat =

         0   -0.2800   -0.2200    0.7800    1.0800    2.0000    3.2200

w_next = w + Emat(1)

w_next =

     2

w_next = 2 + Emat(2)

w_next =

    1.7200

w_next = 1.72 + Emat(3)

w_next =

    1.5000

w_next = 1.5 + Emat(4)

w_next =

    2.2800

w_next = 2.28 + Emat(5)

w_next =

    3.3600

w_next = 3.36 + Emat(6)

w_next =

    5.3600

w_next = 5.36 + Emat(7)

w_next =

    8.5800

sum(Emat)

ans =

    6.5800

