P_HL_cond = [0.99 0.9 0.2; 0.01 0.1 0.8]

P_HL_cond =

    0.9900    0.9000    0.2000
    0.0100    0.1000    0.8000

P_C = [0.2 0.1 0.7;0.2 0.1 0.7]

P_C =

    0.2000    0.1000    0.7000
    0.2000    0.1000    0.7000

P_HL_joint = P_HL_cond .* P_C

P_HL_joint =

    0.1980    0.0900    0.1400
    0.0020    0.0100    0.5600

sum(P_HL_joint)

ans =

    0.2000    0.1000    0.7000

sum(P_HL_joint, 2)

ans =

    0.4280
    0.5720

