load seamount
X = [0, 0]

X =

     0     0

Y = [0, 1]

Y =

     0     1

Z = [1, 1]

Z =

     1     1

W = [0, 1]

W =

     0     1

scatter(X, Y, 'x', 5); ...
scatter(Z, W, 'o', 5);
{Error using <a href="matlab:helpUtils.errorDocCallback('scatter', 'C:\Program Files\MATLAB\R2014a\toolbox\matlab\specgraph\scatter.m', 55)" style="font-weight:bold">scatter</a> (<a href="matlab: opentoline('C:\Program Files\MATLAB\R2014a\toolbox\matlab\specgraph\scatter.m',55,0)">line 55</a>)
Incorrect number of inputs for property-value pairs.
} 
load seamount
edit plot
load seamount
S = [5, 5];
load seamount
scatter(X, Y, S, 'x'); ...
scatter(Z, W, S, 'o');
load seamount
scatter(X,Y,'x'); hold on
scatter(Z,W,'o');
load seamount
scatter(X,Y,S,'x'); hold on
scatter(Z,W,S,'o');
 load seamount
scatter(X,Y,S,'x'); hold on
scatter(Z,W,S,'o');
s = linspace(1,50,length(x));
s

s =

  Columns 1 through 7

    1.0000    1.1672    1.3345    1.5017    1.6689    1.8362    2.0034

  Columns 8 through 14

    2.1706    2.3379    2.5051    2.6724    2.8396    3.0068    3.1741

  Columns 15 through 21

    3.3413    3.5085    3.6758    3.8430    4.0102    4.1775    4.3447

  Columns 22 through 28

    4.5119    4.6792    4.8464    5.0137    5.1809    5.3481    5.5154

  Columns 29 through 35

    5.6826    5.8498    6.0171    6.1843    6.3515    6.5188    6.6860

  Columns 36 through 42

    6.8532    7.0205    7.1877    7.3549    7.5222    7.6894    7.8567

  Columns 43 through 49

    8.0239    8.1911    8.3584    8.5256    8.6928    8.8601    9.0273

  Columns 50 through 56

    9.1945    9.3618    9.5290    9.6962    9.8635   10.0307   10.1980

  Columns 57 through 63

   10.3652   10.5324   10.6997   10.8669   11.0341   11.2014   11.3686

  Columns 64 through 70

   11.5358   11.7031   11.8703   12.0375   12.2048   12.3720   12.5392

  Columns 71 through 77

   12.7065   12.8737   13.0410   13.2082   13.3754   13.5427   13.7099

  Columns 78 through 84

   13.8771   14.0444   14.2116   14.3788   14.5461   14.7133   14.8805

  Columns 85 through 91

   15.0478   15.2150   15.3823   15.5495   15.7167   15.8840   16.0512

  Columns 92 through 98

   16.2184   16.3857   16.5529   16.7201   16.8874   17.0546   17.2218

  Columns 99 through 105

   17.3891   17.5563   17.7235   17.8908   18.0580   18.2253   18.3925

  Columns 106 through 112

   18.5597   18.7270   18.8942   19.0614   19.2287   19.3959   19.5631

  Columns 113 through 119

   19.7304   19.8976   20.0648   20.2321   20.3993   20.5666   20.7338

  Columns 120 through 126

   20.9010   21.0683   21.2355   21.4027   21.5700   21.7372   21.9044

  Columns 127 through 133

   22.0717   22.2389   22.4061   22.5734   22.7406   22.9078   23.0751

  Columns 134 through 140

   23.2423   23.4096   23.5768   23.7440   23.9113   24.0785   24.2457

  Columns 141 through 147

   24.4130   24.5802   24.7474   24.9147   25.0819   25.2491   25.4164

  Columns 148 through 154

   25.5836   25.7509   25.9181   26.0853   26.2526   26.4198   26.5870

  Columns 155 through 161

   26.7543   26.9215   27.0887   27.2560   27.4232   27.5904   27.7577

  Columns 162 through 168

   27.9249   28.0922   28.2594   28.4266   28.5939   28.7611   28.9283

  Columns 169 through 175

   29.0956   29.2628   29.4300   29.5973   29.7645   29.9317   30.0990

  Columns 176 through 182

   30.2662   30.4334   30.6007   30.7679   30.9352   31.1024   31.2696

  Columns 183 through 189

   31.4369   31.6041   31.7713   31.9386   32.1058   32.2730   32.4403

  Columns 190 through 196

   32.6075   32.7747   32.9420   33.1092   33.2765   33.4437   33.6109

  Columns 197 through 203

   33.7782   33.9454   34.1126   34.2799   34.4471   34.6143   34.7816

  Columns 204 through 210

   34.9488   35.1160   35.2833   35.4505   35.6177   35.7850   35.9522

  Columns 211 through 217

   36.1195   36.2867   36.4539   36.6212   36.7884   36.9556   37.1229

  Columns 218 through 224

   37.2901   37.4573   37.6246   37.7918   37.9590   38.1263   38.2935

  Columns 225 through 231

   38.4608   38.6280   38.7952   38.9625   39.1297   39.2969   39.4642

  Columns 232 through 238

   39.6314   39.7986   39.9659   40.1331   40.3003   40.4676   40.6348

  Columns 239 through 245

   40.8020   40.9693   41.1365   41.3038   41.4710   41.6382   41.8055

  Columns 246 through 252

   41.9727   42.1399   42.3072   42.4744   42.6416   42.8089   42.9761

  Columns 253 through 259

   43.1433   43.3106   43.4778   43.6451   43.8123   43.9795   44.1468

  Columns 260 through 266

   44.3140   44.4812   44.6485   44.8157   44.9829   45.1502   45.3174

  Columns 267 through 273

   45.4846   45.6519   45.8191   45.9863   46.1536   46.3208   46.4881

  Columns 274 through 280

   46.6553   46.8225   46.9898   47.1570   47.3242   47.4915   47.6587

  Columns 281 through 287

   47.8259   47.9932   48.1604   48.3276   48.4949   48.6621   48.8294

  Columns 288 through 294

   48.9966   49.1638   49.3311   49.4983   49.6655   49.8328   50.0000

scatter(X,Y,s(1,294));
scatter(X,Y,s(1,2));
scatter(X,Y,s(10,20));
{Attempted to access s(10,20); index out of bounds because size(s)=[1,294].
} 
load seamount
scatter(X,Y,S,'x'); hold on
scatter(Z,W,S,'o');
load seamount
s = linspace(1,50,length(x));
scatter(x,y,s)
zoom(2)
load seamount
s = linspace(1,50,length(x));
scatter(x,y,s)
zoom(2)
scatter(x,y,s)
S = [100, 100];
scatter(Z,W,S,'o');
scatter(Z,W,S,'X');
load seamount
scatter(X,Y,S,'X'); hold on
scatter(Z,W,S,'d');
