edit nnmf.m
V = rand(10,10);
V

V =

  Columns 1 through 4

    0.8147    0.1576    0.6557    0.7060
    0.9058    0.9706    0.0357    0.0318
    0.1270    0.9572    0.8491    0.2769
    0.9134    0.4854    0.9340    0.0462
    0.6324    0.8003    0.6787    0.0971
    0.0975    0.1419    0.7577    0.8235
    0.2785    0.4218    0.7431    0.6948
    0.5469    0.9157    0.3922    0.3171
    0.9575    0.7922    0.6555    0.9502
    0.9649    0.9595    0.1712    0.0344

  Columns 5 through 8

    0.4387    0.2760    0.7513    0.8407
    0.3816    0.6797    0.2551    0.2543
    0.7655    0.6551    0.5060    0.8143
    0.7952    0.1626    0.6991    0.2435
    0.1869    0.1190    0.8909    0.9293
    0.4898    0.4984    0.9593    0.3500
    0.4456    0.9597    0.5472    0.1966
    0.6463    0.3404    0.1386    0.2511
    0.7094    0.5853    0.1493    0.6160
    0.7547    0.2238    0.2575    0.4733

  Columns 9 through 10

    0.3517    0.0759
    0.8308    0.0540
    0.5853    0.5308
    0.5497    0.7792
    0.9172    0.9340
    0.2858    0.1299
    0.7572    0.5688
    0.7537    0.4694
    0.3804    0.0119
    0.5678    0.3371

[W,H] = nnmf(V, 3);
imagesc(V)
colorbar
W

W =

    0.5207    0.4230    1.0964
    0.2288    1.5844    0.0051
    1.1386    0.5611    0.6358
    1.5214    0.4006    0.1867
    2.0771    0.1921         0
    0.4755         0    1.4008
    0.6670    0.4494    1.0459
    0.6522    1.0578    0.1646
         0    1.4240    1.1954
    0.6503    1.3519         0

H

H =

  Columns 1 through 3

    0.2316    0.3121    0.3962
    0.5549    0.5947    0.0063
    0.0549         0    0.4698

  Columns 4 through 6

         0    0.2141    0.0656
    0.0793    0.3422    0.2633
    0.6208    0.2403    0.3518

  Columns 7 through 9

    0.4190    0.3175    0.3727
         0    0.1506    0.3499
    0.3809    0.2459    0.0623

  Column 10

    0.4761
    0.0226
         0

V_apprx = WH
{Undefined function or variable 'WH'.
} 
V_apprx = W*H

V_apprx =

  Columns 1 through 3

    0.4154    0.4140    0.7240
    0.9324    1.0137    0.1030
    0.6099    0.6890    0.7534
    0.5849    0.7130    0.6931
    0.5876    0.7624    0.8242
    0.1870    0.1484    0.8465
    0.4612    0.4754    0.7584
    0.7470    0.8326    0.3424
    0.8557    0.8469    0.5705
    0.9007    1.0069    0.2661

  Columns 4 through 6

    0.7142    0.5197    0.5313
    0.1287    0.5924    0.4340
    0.4392    0.5886    0.4461
    0.1477    0.5077    0.2710
    0.0152    0.5105    0.1869
    0.8696    0.4384    0.5240
    0.6849    0.5479    0.5300
    0.1860    0.5412    0.3793
    0.8549    0.7745    0.7955
    0.1071    0.6019    0.3987

  Columns 7 through 9

    0.6358    0.4986    0.4103
    0.0978    0.3125    0.6399
    0.7192    0.6023    0.6602
    0.7085    0.5893    0.7188
    0.8702    0.6884    0.8413
    0.7328    0.4954    0.2644
    0.6778    0.5366    0.4709
    0.3359    0.4069    0.6234
    0.4553    0.5084    0.5726
    0.2725    0.4101    0.7153

  Column 10

    0.2574
    0.1448
    0.5547
    0.7334
    0.9932
    0.2264
    0.3277
    0.3344
    0.0322
    0.3402

edit diff.m
A = V - V_apprx

A =

  Columns 1 through 3

    0.3993   -0.2564   -0.0683
   -0.0266   -0.0431   -0.0673
   -0.4829    0.2682    0.0958
    0.3285   -0.2277    0.2409
    0.0448    0.0379   -0.1455
   -0.0894   -0.0065   -0.0888
   -0.1827   -0.0536   -0.0153
   -0.2001    0.0831    0.0498
    0.1018   -0.0547    0.0850
    0.0641   -0.0474   -0.0950

  Columns 4 through 6

   -0.0081   -0.0809   -0.2552
   -0.0969   -0.2109    0.2457
   -0.1622    0.1769    0.2090
   -0.1015    0.2875   -0.1084
    0.0819   -0.3236   -0.0679
   -0.0461    0.0514   -0.0256
    0.0099   -0.1023    0.4297
    0.1311    0.1051   -0.0389
    0.0953   -0.0652   -0.2103
   -0.0727    0.1528   -0.1749

  Columns 7 through 9

    0.1155    0.3421   -0.0586
    0.1573   -0.0583    0.1909
   -0.2133    0.2119   -0.0750
   -0.0095   -0.3458   -0.1691
    0.0207    0.2409    0.0759
    0.2265   -0.1454    0.0214
   -0.1306   -0.3400    0.2863
   -0.1973   -0.1558    0.1303
   -0.3061    0.1076   -0.1922
   -0.0149    0.0632   -0.1475

  Column 10

   -0.1816
   -0.0908
   -0.0239
    0.0458
   -0.0592
   -0.0965
    0.2411
    0.1350
   -0.0203
   -0.0031

imagesc(A)
colorbar
V_e = zeros(10,10);
V_e = V(5:,:)
 V_e = V(5:,:)
           |
{Error: Expression or statement is
incorrect--possibly unbalanced (, {, or
[.
} 
V_e = V(5:end,:)

V_e =

  Columns 1 through 3

    0.6324    0.8003    0.6787
    0.0975    0.1419    0.7577
    0.2785    0.4218    0.7431
    0.5469    0.9157    0.3922
    0.9575    0.7922    0.6555
    0.9649    0.9595    0.1712

  Columns 4 through 6

    0.0971    0.1869    0.1190
    0.8235    0.4898    0.4984
    0.6948    0.4456    0.9597
    0.3171    0.6463    0.3404
    0.9502    0.7094    0.5853
    0.0344    0.7547    0.2238

  Columns 7 through 9

    0.8909    0.9293    0.9172
    0.9593    0.3500    0.2858
    0.5472    0.1966    0.7572
    0.1386    0.2511    0.7537
    0.1493    0.6160    0.3804
    0.2575    0.4733    0.5678

  Column 10

    0.9340
    0.1299
    0.5688
    0.4694
    0.0119
    0.3371

V_e = zeros(10,10);
V_e = zeros(5,10);
V_e = [V_e;V(6:10,:)]

V_e =

  Columns 1 through 3

         0         0         0
         0         0         0
         0         0         0
         0         0         0
         0         0         0
    0.0975    0.1419    0.7577
    0.2785    0.4218    0.7431
    0.5469    0.9157    0.3922
    0.9575    0.7922    0.6555
    0.9649    0.9595    0.1712

  Columns 4 through 6

         0         0         0
         0         0         0
         0         0         0
         0         0         0
         0         0         0
    0.8235    0.4898    0.4984
    0.6948    0.4456    0.9597
    0.3171    0.6463    0.3404
    0.9502    0.7094    0.5853
    0.0344    0.7547    0.2238

  Columns 7 through 9

         0         0         0
         0         0         0
         0         0         0
         0         0         0
         0         0         0
    0.9593    0.3500    0.2858
    0.5472    0.1966    0.7572
    0.1386    0.2511    0.7537
    0.1493    0.6160    0.3804
    0.2575    0.4733    0.5678

  Column 10

         0
         0
         0
         0
         0
    0.1299
    0.5688
    0.4694
    0.0119
    0.3371

[W_e,H_e] = nnmf(V_e, 3);
W_e

W_e =

         0         0         0
         0         0         0
         0         0         0
         0         0         0
         0         0         0
    0.0698    1.3554    0.4050
    0.2628    0.6097    1.3215
    1.0861         0    0.9119
    1.3827    1.2574         0
    1.5730         0    0.4539

H_e

H_e =

  Columns 1 through 8

    0.6029    0.5858    0.0372    0.0492    0.3905    0.0341         0    0.2710
    0.0888         0    0.4672    0.6261    0.2032    0.3462    0.4104    0.2249
         0    0.2272    0.3394    0.2074    0.2137    0.4461    0.3335         0

  Columns 9 through 10

    0.2379    0.0767
    0.0411         0
    0.4997    0.4296

H

H =

  Columns 1 through 8

    0.2316    0.3121    0.3962         0    0.2141    0.0656    0.4190    0.3175
    0.5549    0.5947    0.0063    0.0793    0.3422    0.2633         0    0.1506
    0.0549         0    0.4698    0.6208    0.2403    0.3518    0.3809    0.2459

  Columns 9 through 10

    0.3727    0.4761
    0.3499    0.0226
    0.0623         0

V_eApprx = W_e * H

V_eApprx =

