E = [1 2 3]

E =

     1     2     3

T 10
{Undefined function 'T' for input arguments of type 'char'.
} 
T = 10

T =

    10

p_t = exp(-(E/T))

p_t =

    0.9048    0.8187    0.7408

Z = sum(p_t)

Z =

    2.4644

p = p_t/Z

p =

    0.3672    0.3322    0.3006

