magic(9)

ans =

    47    58    69    80     1    12    23    34    45
    57    68    79     9    11    22    33    44    46
    67    78     8    10    21    32    43    54    56
    77     7    18    20    31    42    53    55    66
     6    17    19    30    41    52    63    65    76
    16    27    29    40    51    62    64    75     5
    26    28    39    50    61    72    74     4    15
    36    38    49    60    71    73     3    14    25
    37    48    59    70    81     2    13    24    35

V = ans

V =

    47    58    69    80     1    12    23    34    45
    57    68    79     9    11    22    33    44    46
    67    78     8    10    21    32    43    54    56
    77     7    18    20    31    42    53    55    66
     6    17    19    30    41    52    63    65    76
    16    27    29    40    51    62    64    75     5
    26    28    39    50    61    72    74     4    15
    36    38    49    60    71    73     3    14    25
    37    48    59    70    81     2    13    24    35

Z_e = [zeros(6,9);ones(3,9)]

Z_e =

     0     0     0     0     0     0     0     0     0
     0     0     0     0     0     0     0     0     0
     0     0     0     0     0     0     0     0     0
     0     0     0     0     0     0     0     0     0
     0     0     0     0     0     0     0     0     0
     0     0     0     0     0     0     0     0     0
     1     1     1     1     1     1     1     1     1
     1     1     1     1     1     1     1     1     1
     1     1     1     1     1     1     1     1     1

Z_h = [zeros(3,9);ones(6,9)]

Z_h =

     0     0     0     0     0     0     0     0     0
     0     0     0     0     0     0     0     0     0
     0     0     0     0     0     0     0     0     0
     1     1     1     1     1     1     1     1     1
     1     1     1     1     1     1     1     1     1
     1     1     1     1     1     1     1     1     1
     1     1     1     1     1     1     1     1     1
     1     1     1     1     1     1     1     1     1
     1     1     1     1     1     1     1     1     1

V_h = log(V)..*Z_h
 V_h = log(V)..*Z_h
             |
{Error: Unexpected MATLAB operator.
} 
V_h = log(V).*Z_h

V_h =

  Columns 1 through 8

         0         0         0         0         0         0         0         0
         0         0         0         0         0         0         0         0
         0         0         0         0         0         0         0         0
    4.3438    1.9459    2.8904    2.9957    3.4340    3.7377    3.9703    4.0073
    1.7918    2.8332    2.9444    3.4012    3.7136    3.9512    4.1431    4.1744
    2.7726    3.2958    3.3673    3.6889    3.9318    4.1271    4.1589    4.3175
    3.2581    3.3322    3.6636    3.9120    4.1109    4.2767    4.3041    1.3863
    3.5835    3.6376    3.8918    4.0943    4.2627    4.2905    1.0986    2.6391
    3.6109    3.8712    4.0775    4.2485    4.3944    0.6931    2.5649    3.1781

  Column 9

         0
         0
         0
    4.1897
    4.3307
    1.6094
    2.7081
    3.2189
    3.5553

V_e = log(V)..*Z_e
 V_e = log(V)..*Z_e
             |
{Error: Unexpected MATLAB operator.
} 
V_e = log(V).*Z_e

V_e =

  Columns 1 through 8

         0         0         0         0         0         0         0         0
         0         0         0         0         0         0         0         0
         0         0         0         0         0         0         0         0
         0         0         0         0         0         0         0         0
         0         0         0         0         0         0         0         0
         0         0         0         0         0         0         0         0
    3.2581    3.3322    3.6636    3.9120    4.1109    4.2767    4.3041    1.3863
    3.5835    3.6376    3.8918    4.0943    4.2627    4.2905    1.0986    2.6391
    3.6109    3.8712    4.0775    4.2485    4.3944    0.6931    2.5649    3.1781

  Column 9

         0
         0
         0
         0
         0
         0
    2.7081
    3.2189
    3.5553

imagesc(V_e)
imagesc(V_h)
colorbar
Z_L = [1 0 0 0 0 0 0 0 0; 0 1 0 0 0 0 0 0 0; 0 0 1 0 0 0 0 0 0; 0 0 0 1 0 0 0 0 0]

Z_L =

     1     0     0     0     0     0     0     0     0
     0     1     0     0     0     0     0     0     0
     0     0     1     0     0     0     0     0     0
     0     0     0     1     0     0     0     0     0

V_L = Z_L * V_e

V_L =

     0     0     0     0     0     0     0     0     0
     0     0     0     0     0     0     0     0     0
     0     0     0     0     0     0     0     0     0
     0     0     0     0     0     0     0     0     0

W_L = Z_L * V_e

W_L =

     0     0     0     0     0     0     0     0     0
     0     0     0     0     0     0     0     0     0
     0     0     0     0     0     0     0     0     0
     0     0     0     0     0     0     0     0     0

W_H = Z_L * V_h

W_H =

  Columns 1 through 8

         0         0         0         0         0         0         0         0
         0         0         0         0         0         0         0         0
         0         0         0         0         0         0         0         0
    4.3438    1.9459    2.8904    2.9957    3.4340    3.7377    3.9703    4.0073

  Column 9

         0
         0
         0
    4.1897

